8923
2320
20617
12227
17744
11884
27521
10738
12482
11354
17962
23773
3726
29076
5094
28595
25908
13927
2137
29137
18350
16057
8549
196871111
3840
320741111
198011111
87901111
210091111
31802
16741
6109
4025
11980
5202
22389
16155
4201
29039
18041
14901
13544
30671
14346
14005
11788
6577
7858
16654
27214
4160
327
28108
28893
14205
14099
13604
7908
26233
12081
11472
18955
6087
18234
5146
27712
30257
29986
26166
15543
8618
18524
26324
23087
16516
1605
23798
27256
12515
26047
28671
21298
28274
11804
23309
28631
84
15679
27273
26876
862
14589
30717
4307
9347
28617
22565
26869
8079
11409
28488
13662
5657
483
24520
16569
21170
20564
1785
13791
19555
3106
15407
12954
32343
1560
1563
30638
26580
15282
14935
23066
18544
29314
15167
22939
27777
8914
18435
114
7637
30091
4858
28775
3235
22870
4665
16654
17602
29440
15973
4937
793
27939
13253
32270
32599
27395
27035
14442
32228
8886
29621
9414
15895
25224
575
8554
6313
1437
5083
16959
25193
7128
3572
22489
26418
18684
12110
26548
4378
7953
4322
31166
4077
30730
10474
24342
5338
4772
1080
22036
30315
30353
10699
12169
20667
25558
23716
22856
30179
20850
12246
29157
17077
16192
8413
18876
11181
24350
11312
30005
5668
22863
4122
21575
20935
12318
12741
13115
17992
1732
22680
26803
10579
20364
13250
5354
20676
9525
24087
26173
29975
21400
21532
1771
30751
21387
4189
6169
1019
15876
16903
24089
5703
31362
20914
491
19343
11432
10367
3076
32521
9515
28003
31823
4739
23023
11458
9074
29338
10605
7744
8530
11053
27992
31956
11481
8209
8320
9502
2295
15878
7158
28154
19174
14314
12145
28501
21939
9261
6384
11071
12026
3717
8097
19778
4337
20963
22018
29682
23975
20133
18246
14534
22414
20749
5114
27174
17208
15346
16872
11205
22110
19381
17212
28977
6182
1399
30949
1705
5797
9865
13374
7214
5539
10276
31726
1756
6815
11099
6157
11387
31251
24909
10632
19794
18938
17311
20678
8251
23950
12586
10123
29949
11862
17136
4637
20693
22112
27989
11174
14678
32716
16780
20954
8564
28042
25423
5081
11483
355
1747
2135
15749
25406
2811
20218
32651
11676
972
16643
26427
17254
18721
5425
21868
13032
23967
31458
22030
18973
16876
28796
11525
16429
2076
22795
9528
6196
15212
5420
21988
8517
28723
9001
21047
14255
4117
2661
30490
11134
13946
5627
19278
28741
12606
8866
9658
31259
31147
980
3587
27620
14756
17455
2910
31442
12578
17691
21922
11051
4069
429
7330
19020
5987
30923
22969
18926
6405
657
24486
24744
9362
5364
7322
5045
31467
15269
17040
3576
6394
18232
18909
26685
28389
30598
520
18114
6023
9552
9435
28662
9248
12069
8122
16512
20555
11653
1844
8323
12849
12870
26840
24096
15101
5943
28490
4413
7056
8196
3222
27781
24949
29529
7875
8112
24599
12106
17068
12037
14897
7411
18699
25629
8071
18267
471
15337
4820
31135
20944
30199
19459
26700
18008
10480
2721
2572
7044
102
27795
25477
26739
1996
7428
19070
26078
9926
28578
25667
753
12964
15370
25419
15449
14632
3456
18457
27039
26768
31460
10592
29876
14544
15073
18282
12237
14880
18536
28346
15728
11446
11101
28145
16079
17877
14736
8942
15446
17926
25582
25401
31872
17574
25593
17314
15598
21664
23925
805
442
26236
18532
7441
28425
2969
14133
18026
24799
32438
19769
23179
13624
5559
31062
31503
31828
166
18687
26354
850
31225
26467
19700
27904
19475
7397
7486
19698
20493
25293
7752
30929
18869
24381
18682
1014
17623
23910
12306
6455
22460
5627
30405
9985
28401
23526
6825
4520
1609
315
5330
24570
29477
2154
5691
5658
9203
30136
25448
12940
30965
21744
4938
396
6724
18261
13667
15012
28436
11740
9003
7293
6713
17304
177
31478
8171
15478
12421
29555
6342
15402
16086
15223
5652
14697
2008
15734
6991
8537
7528
30692
20706
20294
12275
21138
21552
11414
32404
24122
18647
3327
4732
12889
3894
6903
18839
23868
17453
26732
29805
6750
28195
30646
2886
17137
31566
20682
16017
11451
29998
30384
26246
27427
3419
20791
5643
9868
26497
24295
21716
32225
17577
17207
17615
9841
29626
1280
14015
15870
11071
4402
29222
784
12394
21958
13417
26511
28505
2291
11055
12689
26777
28837
28170
7793
6121
15915
15193
15393
14400
21039
31853
27841
2321
31980
21738
18544
30925
3739
16752
20834
22698
19502
2427
11826
32163
7233
2184
24186
29375
78
4730
7586
8343
11808
30523
26613
3602
23946
27046
22010
7796
7768
19877
16897
28823
19078
12694
27644
17271
26800
30452
3984
1013
4810
28211
8300
26580
13585
27115
8410
14856
14657
3385
18067
15408
29193
22883
25048
16737
23228
16058
15038
26149
32585
13509
22730
2499
8301
7579
26813
27841
26663
30865
13489
6312
17005
10261
25189
29959
11805
20186
27606
11706
6710
2102
1551
20076
9032
32712
27201
14171
17705
11357
13590
20315
21738
12820
20547
5918
22281
12225
6749
434
1512
31632
16621
13899
7294
4843
198
8003
14669
16797
16534
27231
28052
17463
14780
24148
19653
27058
9049
10634
4153
30807
5034
3615
8995
23004
2965
3887
10947
21200
24705
851
24284
18745
30827
12391
18023
24187
3126
21649
11401
24699
25667
16510
25027
22021
17218
26351
7529
10859
29512
1397
4949
15471
10529
19064
4572
21603
12775
7294
15361
17807
7891
26282
13289
16083
25428
3715
18831
3726
6494
30456
441
23998
24581
13472
2347
9832
2122
22342
26650
26938
1077
27812
2531
26223
19492
8303
27901
24051
11874
7572
3884
6855
15611
5314
27128
19880
19919
3112
4958
31467
16614
23680
22213
32684
259
32588
23092
29223
29308
4703
9153
24934
17480
13472
4941
14365
22362
8203
9326
18130
12333
9464
3245
14656
9889
27296
2546
31486
18437
6365
30012
20316
8053
20273
28053
8334
22630
3338
12102
18956
28543
28484
27463
25144
26027
26352
13049
18241
10604
19796
19479
29512
10866
31026
234
23490
19308
14670
16573
24606
9758
22570
9361
2983
21939
3348
11282
11947
15189
32354
18121
4829
28924
14589
32146
20216
24195
16668
20561
32165
9473
8274
7137
23455
21590
5323
7245
4373
7940
17875
24387
10832
65
8599
15045
917
2122
18480
7202
11341
17145
10205
17189
1379
27802
11920
15756
7918
26875
13485
14011
6416
12482
1294
28594
3101
10499
9802
29501
15360
6418
18743
23146
6875
12950
173
13632
24302
24543
9869
27566
12218
19578
4610
10946
11878
23554
775
12828
23905
824
26410
5537
11081
14166
23439
18292
9484
26529
4151
32290
4941
13630
28802
19228
1801
23878
13555
30059
6522
2333
16948
27807
25403
30975
31066
26632
28334
15579
23913
1577
10651
28517
12827
106
6681
10087
30685
18189
23218
4951
26907
6499
8642
29487
23741
28224
22560
25721
12786
16556
768
13481
10540
5339
1304
11696
20076
18784
31490
4302
22719
2205
14050
13224
8968
28286
8008
29594
8705
13927
30040
29518
31613
1386
17960
22158
8944
9406
2921
28758
7984
16492
16202
5934
23933
32332
26521
5046
13760
304
23595
23939
1040
11359
19583
6697
31610
15173
18590
4761
5634
360
20805
4782
17893
26270
13126
26370
19489
29566
12844
27910
22583
532
17950
26962
21808
26329
28934
6201
2014
9697
28402
11425
25188
2135
17850
12561
12537
9767
30691
32524
1000
14330
24259
16542
31451
17767
28646
12340
21850
871
29105
2737
27791
30474
25413
26557
31308
12393
7078
27744
20815
12764
25629
3025
27332
22381
4570
19080
27915
21132
25310
14234
4028
3588
8728
4166
232
3629
22222
16843
12194
8547
831
15741
8126
29880
13959
21272
10969
24806
30146
1364
21146
904
16500
3258
2102
30857
13353
31925
3386
18396
4952
16108
20869
23405
13197
22735
29331
4440
5831
12144
16386
15962
13343
15765
26958
13444
13227
28683
14560
8759
8610
7229
71
23884
23745
17669
6597
28307
17389
8641
8973
29055
26393
7082
21835
7199
16234
13665
7781
848
12953
4299
24448
28466
26010
1823
29895
21464
8827
1853
27239
16964
21902
11842
734
26002
26058
20057
29302
24691
27759
22484
29708
7901
4073
22651
6934
28673
1527
1315
1765
31870
268
387
23335
27860
3318
23108
8623
21531
7869
25943
31097
13045
23502
31883
14056
9921
23640
18015
22867
6417
27895
276
31168
862
5008
1031
5871
6907
23420
27454
25243
31048
11496
8513
29692
5160
13179
15147
912
6837
6202
23296
5147
2610
4777
3137
11501
3904
5427
20158
2403
1877
6348
17324
25008
13931
19413
12535
12509
1269
10304
20186
7183
23063
13556
5036
24329
26134
30323
29181
25073
28942
21178
15585
23639
483
27753
9868
10611
29049
14627
3359
12718
15912
22328
2498
3429
13162
26241
30195
17641
14807
26764
23325
20938
25428
27641
109
17749
1927
1828
2785
14427
1166
26117
25506
26676
30704
28500
22675
9476
979
17648
11050
30013
29808
9089
383
4709
22981
25948
28066
8986
27017
11432
32562
22099
15717
30911
4907
17384
16737
10967
22016
13909
26269
15842
11242
16827
28225
13747
29567
19495
24758
2401
22150
27415
1303
3312
7434
14906
27874
7726
13997
3960
26612
6364
28223
12338
29876
22030
31631
27595
142
15061
26497
16231
3235
6682
30305
26354
2750
28109
3191
32613
1674
11072
16604
7748
28419
14029
4748
619
5163
15039
29627
16907
11518
25968
8045
6640
31143
21166
27969
16901
22004
9315
6029
27417
20488
3701
10160
18915
5968
23020
31908
21316
22456
9043
8147
3533
21790
22624
23596
7297
23302
14551
19317
26332
21648
24235
19939
532
8360
4454
8168
16286
30333
26828
588
1268
28212
699
10367
20630
477
20566
24878
4174
6822
15971
11540
11449
32334
15600
14355
28163
12509
27197
26755
7666
7827
25814
30922
2854
8734
2304
20268
20895
15120
7510
2021
3199
2191
12980
25973
21777
23630
15188
6972
13067
31165
7479
9798
25104
21885
17351
10344
4217
26903
29882
31116
31573
28397
27705
25417
2990
6769
1090
15031
22799
8340
27467
19585
13634
9346
11816
20283
9566
23692
6446
20470
27650
869
13465
19730
2267
27026
24619
29524
20844
15132
21014
12600
1806
19848
32028
5257
3637
2568
8693
9774
10998
18419
4081
14407
26310
11123
22750
23161
901
23678
31788
26757
8123
10759
19791
26400
28705
28021
6501
8959
12899
16980
20505
17969
15652
26186
13255
22449
20802
21837
21729
22844
4188
30228
23697
30560
15506
27339
27295
32726
9612
23051
2710
4625
26302
17417
1058
15895
23274
14350
2749
1424
26854
32295
4234
29468
3487
2333
16513
15338
18270
17575
25549
8071
17994
5087
13938
31219
1583
5107
28467
15354
13693
30493
32435
15809
3476
3029
18906
8096
62
17477
25466
11567
24189
20989
2355
30372
23688
10728
26516
5212
5904
1150
27010
18615
32199
11836
5854
29737
18211
15441
18018
3982
20831
31131
9932
8382
5316
8145
25407
23906
2854
12546
26342
28678
12465
1342
986
4975
486
24723
326
30766
6880
9531
21705
10357
23516
30227
2843
24106
14072
23887
9204
32570
2875
19308
25897
13360
12502
615
26904
19718
6825
16685
27719
26682
12553
17234
7752
4133
18881
26885
31200
17033
24918
6980
26728
5737
31120
16460
13426
29725
16693
21588
4016
5029
26904
31354
12306
13630
19026
6654
18479
18483
16848
23470
24294
29686
25870
7073
19013
14191
29729
9000
20905
4756
11515
16130
15143
28218
25579
1487
18475
13866
1379
25287
25951
22904
25854
14508
4559
9488
32193
12541
16714
11410
1954
2925
15883
13664
1606
404
19865
22517
13583
4835
7403
19320
29782
19677
14288
3984
7157
25476
3982
26747
22281
11794
21705
24922
27894
23530
10407
18639
7083
30158
26930
23498
26407
32594
7422
4768
571
19601
16907
17502
13458
24606
1004
5212
25072
25918
7465
24085
5815
6740
26595
4917
15791
16284
25014
16372
25350
24092
9956
10659
10390
31448
10415
15236
20327
2630
8966
13791
31349
14337
5476
21330
3763
22209
17142
22633
21583
3211
32252
16751
15672
3877
17009
643
29918
1229
25582
3566
7481
23850
21196
5299
23820
13955
15497
13672
9067
9007
2924
3397
17531
25421
2412
24443
21369
26293
10831
18118
24061
11054
16655
9542
27776
19169
9345
18059
27676
20237
1848
26607
26004
6909
1704
6952
9620
823
13703
14109
14906
25847
9593
19193
27092
20955
13291
18302
1772
9184
7743
21149
17794
3469
8490
31043
30104
31342
10075
13173
18164
21444
19294
28319
31265
32123
12479
4649
8887
8028
30834
12876
24284
3716
21618
25892
10251
27413
32425
28166
8468
17963
5904
13075
1380
25618
11543
12557
7559
28342
30791
24938
23787
11354
1062
18087
3303
3725
21339
4831
10491
11610
15890
7324
20570
704
4002
5613
28837
31330
10093
14777
3578
10622
8456
25426
19501
17187
18333
17485
7509
7327
22669
11410
14731
22071
22873
6319
17390
31772
1218
31346
16619
13210
4911
28598
16827
18577
25168
23421
26924
12073
16385
5439
11685
19906
23665
8834
31844
9002
10115
11947
8715
7443
7540
13588
7259
12996
18111
4446
14655
6158
28477
27145
9996
7298
22673
10561
23047
2785
27587
30715
27432
7380
11819
28481
21533
22237
32145
29642
11410
24718
22418
28622
19632
11513
12357
24344
30947
1895
7199
24925
31457
22605
20756
18124
19432
13947
17151
19174
13382
6295
24388
29072
1055
15050
11188
14951
18795
3257
19633
7763
10046
15287
13970
2911
12876
11576
3657
21192
30380
32137
32066
15699
2780
22207
31887
14820
21510
13294
23363
23117
24449
25755
1051
4708
30107
25715
18020
27992
18838
23357
9752
11589
27376
22797
30539
2309
23528
8890
18629
31818
28989
8851
25073
24041
24377
20814
22518
12409
6126
11073
32291
24861
24256
1493
13712
26782
13603
22839
24578
701
1190
21072
31248
28615
10801
16632
8324
29801
18058
13926
1284
3014
30750
26603
5618
32711
25087
10721
23952
23474
9257
5854
23656
27903
10505
14125
25323
18023
27712
15486
11864
31037
7844
9692
19679
30977
19335
24544
3335
23859
25405
13604
31821
30053
20184
8955
14605
25492
28982
26207
7078
12472
14654
21803
31450
3994
10598
22411
3955
16870
30840
5552
15148
21377
12183
11720
14030
8220
27005
1581
27546
22282
5894
4060
31719
29006
27890
3370
16140
19961
24294
12466
13440
26803
19381
10386
12864
24215
16094
27095
21105
13636
27478
20533
25671
6192
17287
26108
25637
64
21144
26695
16134
31126
15087
23414
25883
31659
32244
17375
28597
1949
28952
22209
24166
202
1047
14201
12131
29597
15481
5369
22317
16040
2655
15221
23409
20979
23164
28255
5420
30868
2402
7830
24082
24704
7167
20699
11569
21665
24935
18564
26322
23849
25044
19060
25504
14885
16106
3146
29452
27733
26944
9177
23791
16443
20253
2777
9841
3954
26751
2779
7723
11329
17506
9603
29576
11120
31550
19697
23921
90
10962
128
5161
8004
24352
8627
8821
6637
3257
5484
20993
27238
58
1375
14079
24612
26391
21959
7953
25428
21911
9047
26473
622
28192
23924
32302
32269
3509
20641
4898
18174
8637
13627
15235
8855
2822
5734
3375
26954
12809
9543
29963
4986
12400
19572
19620
2188
13269
6056
29463
25666
32205
17340
27951
9796
9509
2770
20686
0
31851
212
32654
13492
16816
5149
29863
16329
31629
1653
10772
13667
10084
29251
22769
4406
7400
12286
6440
26523
19168
12261
9292
11491
12584
7152
16325
1771
15352
22022
4654
23792
25704
9840
26619
6565
14900
11918
11103
21379
15037
29640
4973
20321
6481
5832
20093
4420
23724
2790
11217
28536
30143
25060
2168
23520
13232
32732
883
22410
14625
19318
15639
17542
22197
11870
9650
2553
28368
31222
8049
15981
18079
1096
30593
19563
26713
4414
31349
17740
31428
23573
10216
22092
12794
21775
18787
5088
15725
26472
28801
3914
22313
23436
8272
27242
22617
10631
9723
24023
30477
20413
25766
25902
4410
475
6298
1450
10498
17421
21922
25333
30262
18034
17588
5694
12570
5325
25812
31628
31336
28285
21302
26962
1175
23215
24227
1603
25180
19666
27165
12647
7794
27979
25286
12399
151
23146
19710
6214
9175
30109
11468
9192
16908
4324
19839
28023
22694
4229
11413
15756
2728
21761
3035
25803
25587
326
28374
21434
25031
28966
1890
25811
25735
29704
21913
3287
28348
8158
32502
25958
21853
20567
8378
17869
17742
9813
8591
24095
16934
7073
18028
2183
565
32478
3768
17628
19398
27579
7090
4726
14241
4973
10000
7232
31956
26973
19686
27407
10675
2077
11466
4658
28190
25249
9782
2635
23298
5548
13358
11869
15138
28040
11298
3877
26904
29690
25621
4270
18070
6773
1023
1568
14578
21646
1648
16344
20194
14000
11383
16318
29572
27921
26818
2003
21153
7908
1542
14090
21042
4561
3234
26713
17699
8610
11135
2063
15192
24639
10298
4968
4846
29148
6789
30303
11971
31089
30410
31683
30264
10602
11282
909
565
19616
22822
29553
7022
23433
23795
5555
28133
29099
17971
23100
5552
14167
26186
11757
26877
5011
2926
23603
9043
14936
9739
11996
22043
27390
23910
16425
16990
29428
22400
13092
32720
18612
14397
17971
5390
21238
7109
29678
25892
12324
4139
5678
5714
4623
21069
16230
22032
480
20987
15927
7759
8273
16731
32574
24578
13853
13195
16689
14045
10420
3721
20266
2652
10036
21584
13634
16392
9109
1860
9058
25334
27683
11728
29270
25744
31026
14670
32547
23191
17165
21543
20635
24169
13359
23355
15150
29056
2998
1667
30467
2876
17428
1268
23624
13282
21000
4007
14790
20708
20429
14392
31160
1635
26769
30316
2269
20978
6184
14614
13260
17053
4866
32315
28296
29226
27226
13940
14932
9118
16561
30612
7624
11011
8827
17035
25381
617
22296
24714
4326
12331
15877
7016
20631
25203
3156
21829
14314
25600
32345
17261
10248
20007
20903
20606
14117
7192
6971
27086
22615
867
19958
15367
13736
13755
1361
8980
28778
28665
26700
20801
15306
31332
14503
29085
1448
32303
25173
18851
8614
21571
7982
7706
10879
12607
740
24378
3483
21181
824
24592
29920
4568
20589
7460
714
32491
4605
22104
5310
27290
23436
19
32667
23
28186
20383
31379
21662
6524
26320
11321
4162
21005
25319
3546
5100
20129
21173
6417
16545
17082
22532
29590
17411
2303
30770
3415
3611
20969
24607
25802
21589
10944
8010
25985
17868
28870
7734
5375
21704
1202
21523
458
14725
21087
32666
10433
4663
198
26425
17584
17482
24106
25712
15394
750
23698
15995
8566
7891
12924
6193
31029
817
29648
29996
15011
1036
14099
6698
16020
25014
6877
19635
4225
9621
16269
13820
21979
15398
2363
27916
16287
28738
15854
27677
14891
11169
21519
30021
20304
8348
1310
10837
28328
16695
30884
23554
4138
10078
7017
21570
25851
21103
30438
8185
2695
24057
7421
7125
29649
5572
31720
18550
32007
2833
11888
10707
23898
3874
7263
13785
27405
14077
32567
5717
26059
19566
7972
16915
15165
20555
23600
12615
31196
29179
22454
12589
26116
8249
21017
6893
25930
5910
4277
29121
13328
3901
24598
11353
6487
29307
1640
11647
3284
14719
14895
12279
837
22238
28985
10665
21765
21338
7120
27138
29406
32611
8244
30615
23839
24030
10824
28939
4335
11302
9099
30003
24545
11088
26442
22137
26057
3764
1812
7550
4301
13224
13167
7940
28607
1679
7369
10506
15018
14611
24753
2872
18858
11694
22343
32382
28161
15471
21745
12281
24936
13563
13392
29462
16291
16850
15475
24313
15960
4307
14154
23328
5921
25859
19549
24387
22496
30090
29629
27263
3411
15870
5435
30132
31720
9188
10201
25900
23250
5492
25982
15741
17756
1437
26350
8112
22141
26953
15352
20642
8877
6626
21490
20395
1016
16661
19042
16510
27729
12758
27646
11344
12840
21156
2007
24125
2879
32014
24785
24295
10681
30326
21334
21344
12148
26133
843
17226
27544
27711
9795
2620
5744
16104
15859
30824
32633
28520
22247
26235
25017
15739
8051
16581
21074
7052
27371
19866
32087
18483
29974
13048
9438
8444
31201
32617
5719
4714
30033
14891
2588
18747
8123
16015
8521
2286
31287
26271
30157
19331
32594
18691
28865
3714
19459
3622
23289
28990
21729
8340
23513
2139
31634
15527
23146
2702
6279
9058
29869
15012
19686
29853
304
12998
12488
29794
20190
29947
12709
16280
5915
25838
13580
13278
22033
3826
21400
3770
32068
24643
16415
2035
13421
13454
12076
27451
7301
23732
21168
29969
18720
716
15860
30438
25596
3943
17874
1663
11994
29719
12581
15514
22412
32562
19838
18132
21072
7379
15385
20682
11868
10530
2831
2175
6330
14293
28364
16894
342
29943
12228
32320
5718
744
8290
22863
2473
31142
12097
9132
21731
27466
27039
10990
28488
4566
527
30125
10790
2605
12141
30366
10089
16483
30743
31487
7785
28983
15706
22582
25350
25822
6955
7349
25335
18179
28696
18464
3423
16395
8574
20146
22689
13213
28667
27613
23158
18530
28710
2096
9789
7433
31614
13950
26002
20111
11681
3133
24353
13245
16831
22828
24508
29170
25677
569
14764
20258
19710
929
20037
25887
13551
24153
21950
6679
32033
29869
22847
606
6445
6695
4922
3950
4659
23218
10751
12333
13844
15615
30859
18030
18145
1064
22945
5561
16019
13459
10525
3919
31484
24602
28548
8041
26109
32104
27615
24513
28154
20134
28618
21331
25227
7000
16840
3941
2420
16769
31193
30149
32728
25102
3151
25682
15273
11377
30429
32189
16739
3469
17393
28561
25082
17874
22595
22897
5392
10921
16046
14753
17260
5906
26176
713
5544
20363
1677
16117
6953
23861
7752
25567
23893
9266
16404
15473
13055
14673
8599
2950
26662
15085
8400
19441
3552
12562
13227
12736
1681
14562
30163
20674
8800
32567
18632
3142
24556
20106
14897
13350
9530
13332
9331
29444
1267
50
15746
29140
25548
9742
2040
21658
4677
15996
23140
29813
11926
12834
28900
31453
25318
20188
15606
16937
21439
19551
26507
8020
21183
1052
14685
30976
10640
24679
23939
20411
4378
18136
12866
7042
10486
497
7207
8835
806
28162
3922
11559
6148
27978
17173
15184
13945
26463
17342
7904
17519
22480
22192
8058
25481
12296
25785
2956
19985
4213
24223
23181
50
7402
20476
17539
359
28738
5196
29385
25139
29511
25157
11791
16915
6866
8551
11682
29105
20787
15827
27630
1370
3794
28256
9281
27570
26135
8428
24017
23718
1672
240
10241
13475
31537
19543
27616
4101
10313
27281
30450
15059
19474
31203
9012
18601
1793
18177
16474
26869
12063
25310
8795
19302
29359
19139
31023
10402
3601
22175
21975
17208
6374
24990
159
29909
11893
24828
1184
7098
30030
23836
5256
31853
18988
212
11422
27567
4640
13067
5632
21679
30700
28295
12079
28541
6317
19456
7630
15297
25534
29305
19879
5037
12760
25040
24815
27440
22398
19347
30155
3949
13976
28181
25875
31339
4958
9665
24149
3854
12407
10415
1309
20806
30306
8309
29555
28294
10774
5696
17830
10872
30437
25891
4936
1007
20390
9902
31098
9757
27411
19907
6762
31238
24432
25509
13849
27700
8558
6994
16482
15020
27214
12051
6200
24354
18761
15441
17455
26985
25648
4522
22589
24109
11088
9028
26818
28132
1176
6497
11975
6146
12798
11572
16771
3692
30494
18420
2340
27952
16932
6190
20172
6771
23533
4447
3545
25259
25449
2498
27241
9486
6212
27239
28957
9289
14533
9605
1054
20342
30454
26385
6494
5960
18693
13199
11809
9097
6378
26921
5051
31943
5962
22270
31131
32330
13723
24252
22664
9289
2954
21617
9003
2653
11161
4254
24526
11829
11021
26766
3939
19084
24839
229
1480
24152
8433
11900
5961
13380
29723
22892
16231
32353
5798
5737
9431
23064
15266
27218
7886
20580
23667
27653
8060
9790
6009
14456
10198
4440
25072
27910
10393
9485
4372
7174
29836
2968
32393
28578
10245
24453
19451
28391
10670
14694
2562
6424
10377
17863
17992
19272
15154
30564
17645
9255
1125
10649
26922
23069
191
18201
4405
14229
25033
18659
26981
12700
6706
8562
31383
19626
32604
26676
30672
17343
9243
22846
3876
9650
20665
32062
16854
23750
15421
3505
1984
21631
27372
26966
16885
12724
22033
11490
16550
20708
16634
17397
24642
32462
24387
1613
481
7995
12375
13626
25315
13855
13363
27985
6100
1760
23917
24677
11923
15862
25717
27571
15284
22708
24604
24157
22306
16229
18258
1050
19465
17819
16436
18475
32755
1220
24646
1169
21809
17662
16892
20861
3196
26669
4992
26888
27100
2890
687
29476
8393
20990
10852
19922
19344
4207
25850
9622
29177
18266
10252
29224
25383
9826
19839
11117
26303
2215
28099
19109
2381
8091
12117
27622
2019
16401
12169
9161
7939
1431
26758
23907
16574
16390
14482
21623
30238
24407
28304
32745
28610
20920
32710
118
2504
2015
19172
26531
18160
5023
3138
27379
1789
5305
26474
22365
31839
26612
10710
22781
9488
19568
11003
27402
19132
29495
28038
1032
20004
11541
26085
21055
16836
10922
2569
7275
6067
701
3690
6837
26316
29395
29772
23522
2827
3584
19777
2763
9529
19966
22512
10253
15820
14972
23060
3073
3849
6840
23496
17647
14955
25936
10241
9598
27976
25174
13916
5999
14514
13218
25114
1675
8348
14188
4712
30682
9789
31002
14308
8470
20922
9302
17246
5215
32511
11876
31195
21552
29165
10674
18912
25490
30139
30641
1517
9872
2966
19684
10311
9962
27787
15159
1018
4366
25255
13969
1823
32067
15709
18348
29275
22824
25895
24869
10664
1373
21104
2767
600
31616
27570
22349
12887
4187
3804
22496
17584
9819
18934
637
14162
25668
1799
15907
9749
17444
12087
2411
9976
3718
2353
28513
15276
5607
22219
16018
31831
18030
30185
13926
24466
24023
2206
7856
17331
24497
26773
32132
7506
6601
27056
24393
28422
19686
12270
25870
28272
19894
7314
3362
31355
12809
5762
27102
18145
24125
12781
15046
24818
1785
31536
7121
29073
31519
26875
16132
24703
18939
14767
25669
15580
6593
16395
879
3818
16950
25352
23714
30485
32685
21761
25309
15920
21045
17943
13518
15106
23825
5588
6120
12545
23144
18447
10679
3165
30526
16655
15216
8000
11171
3315
3021
17493
25386
13904
21271
2695
2461
28701
21892
19979
20463
5836
28612
25248
15730
19642
20951
13077
24906
13769
23585
31244
14370
5707
21184
30719
6686
22819
23325
19072
17680
16678
30657
18629
22254
18888
30315
2403
19588
31476
1119
30042
22630
13371
23808
3154
9769
13105
18081
15908
24018
22804
20889
32156
31631
29615
3477
28798
20389
3454
10547
24774
15018
2323
12236
21300
31220
3000
22928
26376
6225
31574
8665
25355
22264
5014
6073
5070
8896
22085
7381
24374
27024
23293
1655
12600
25623
16898
21726
9698
10173
20074
29913
5275
5337
27521
16276
24747
29988
8555
11441
13054
24174
15627
27290
292
11663
12068
20758
1437
11681
26302
25115
3412
16236
10956
19684
15977
5410
14091
10050
15411
22093
8237
20791
19590
16389
17207
14017
25137
5478
17448
25588
12491
29761
24539
8011
11696
25106
5422
32320
8774
9522
26980
10266
13189
15950
19400
15111
694
5656
23699
1898
19322
13116
6928
5494
8975
3222
16126
10492
15567
19362
16694
14209
22521
4916
22414
1172
15028
7785
26620
22623
24145
19421
14079
1147
12497
26910
21818
11017
4007
21089
4194
31742
24511
14964
27483
23742
26302
12020
24990
11757
18828
11456
31198
9089
21520
22701
27627
25372
28218
12412
24022
23706
25159
18441
31830
4325
22592
26308
29290
15121
10948
6501
1088
4005
30984
3036
20822
1590
6684
16263
479
24891
21872
29096
25448
26652
1174
17942
14523
1932
585
2611
16644
19481
2735
9245
14898
27393
28891
553
25248
19784
19862
7821
15861
20743
2911
27484
8521
13575
29616
15032
19081
25230
8579
30531
1820
2425
32021
16598
11718
17035
9450
16758
28621
11269
26641
20099
17755
13431
13737
10803
31012
2005
9636
31039
5960
21197
32459
16604
17275
20568
24066
237
14947
21904
25294
15991
577
20417
1300
4693
3796
26818
30756
4141
23675
17798
16117
6562
18073
4846
21938
29131
7485
21729
5238
9444
15875
11167
12117
6212
13365
850
30619
22159
9270
25063
16984
27693
1569
18203
6172
26619
29613
21209
4607
21568
3412
9667
2020
15330
15028
12303
29695
4058
18997
25236
12181
229
13292
30244
27907
8572
959
15645
4866
25607
11978
13115
23849
18766
22530
16304
26036
21296
18456
23927
31875
3991
7329
7653
28518
20395
29299
14721
10135
24390
3922
8981
16520
20648
20172
20741
31711
12397
22113
12512
14015
13756
21735
31029
17482
17088
20781
19880
20836
18780
19423
26948
13753
26650
14505
17171
22017
21349
4767
24812
31619
24313
4061
19597
17623
15255
14442
24298
5105
15613
25699
21956
7515
15381
25941
26492
31938
26989
24298
18730
29364
9191
4808
23274
12200
10162
9142
28278
20543
10616
5120
23546
28361
12761
797
22819
28171
19737
28304
18041
24896
25365
31244
26352
13661
19324
731
13753
32665
29243
641
20062
5421
8249
1180
6926
20568
15429
13326
15670
9895
6221
17246
25681
29811
7888
13404
1792
8619
29845
17156
12893
980
25246
30629
25484
8525
7256
9283
8084
14808
13844
20793
15725
14422
24506
23842
5723
29138
14268
21498
4218
21953
19018
16769
14233
29576
4293
736
22603
31039
1397
23439
20796
4021
8062
20854
3778
14260
19216
5203
25780
3206
12767
29787
14975
4023
26579
11300
15734
25117
20480
450
3434
3606
19928
817
6011
18193
5791
25075
4909
16976
14112
12793
21951
3308
8607
4039
28600
793
22542
29140
18626
19627
1668
10543
11707
729
8682
21864
1290
25409
24312
20398
7471
13357
5472
20789
18846
15893
25416
22747
16846
32357
9470
5130
30349
30591
5351
20192
20886
16900
10169
12173
4965
17232
30954
16637
17226
11587
23401
4280
26045
11079
25227
25606
27889
24718
30536
18518
6060
7068
19879
736
12885
25350
20087
9098
28239
16249
18752
16136
17285
26365
633
5192
4166
11643
29179
8461
27476
24189
17846
27098
23607
25654
31907
30993
28119
24514
11769
22876
20298
5807
20644
3916
30443
22971
5875
22080
31660
18655
12945
9353
6317
6285
5302
15051
3853
15415
32414
17062
23040
6672
30267
16534
26913
11286
29479
23832
21770
12880
22492
18703
16930
23124
2855
16741
26039
13
17882
30197
24909
27579
26818
22441
26677
12603
28376
4575
25441
5257
20411
13074
1910
6019
26206
18614
4387
5360
12286
29283
7090
3264
30552
12342
17884
1429
16408
28789
6370
10115
1684
8305
26073
29716
10170
17585
3397
16272
1351
23628
25834
20347
14907
5015
12255
16990
29577
2560
23780
9419
16658
12090
32501
22427
29396
31643
13344
11130
22111
1986
28307
21926
26761
18300
21497
8691
20323
27625
9991
1555
12396
12506
28497
31252
14084
6526
21347
14890
24355
24638
22797
21935
22602
7653
32766
12136
5306
27652
27284
21258
22757
1685
2291
17404
24354
12510
31317
10591
25508
24984
6305
31564
11437
31313
25150
5468
25343
3599
13865
21102
20116
31542
5701
5540
19342
23723
25587
25775
2929
5690
19171
30541
30352
53
20010
24591
16837
30302
11156
12896
3173
19975
2363
18883
6771
30584
8536
5724
32532
20113
24666
4786
19267
24241
10549
18099
5318
7638
13309
31737
26977
25349
15027
1867
585
7148
26719
19303
19419
1478
15966
22782
5518
28031
25598
20481
32295
15128
5192
26139
28716
19534
7709
13951
17050
25206
10885
16099
20954
10156
15683
11724
9458
3884
9133
26125
29433
5376
17850
23434
7373
8412
3421
11586
28424
4166
22545
8333
16431
11257
9909
24993
16173
3212
32667
11611
1536
12879
14044
18493
17587
21622
4334
26291
6284
11129
29560
27290
25478
15034
6244
6658
14337
23913
30518
13107
11449
6820
22685
495
11509
1251
18504
23031
6401
10388
22779
6865
19165
19970
28386
8391
21303
4731
1061
18227
663
7346
7100
24570
4826
28770
22149
17495
1249
9524
24212
25306
1674
1251
7370
28336
29919
21662
27817
5156
20110
19886
16998
22118
10906
2392
30528
31371
1871
25605
12305
9174
1403
7072
4643
1334
25563
11584
14916
19471
20180
13831
10781
10301
22627
23370
8127
5463
11351
32241
2943
18736
21694
15649
6148
27556
8861
3097
30878
31633
3812
24410
29145
1315
10144
13579
20563
3413
23923
31899
16842
22196
17729
8616
17529
25446
8749
15904
8357
22636
19396
14246
8307
9764
17527
19511
31228
6674
5199
21005
8099
15839
15324
11971
27303
10146
21359
18875
21492
8031
10889
32189
12095
15821
31634
19936
7249
26717
1998
25006
8867
20087
12174
3203
11052
19463
23203
25654
19575
21816
17688
11003
7416
20351
1057
4232
32672
31708
22350
3703
7855
22109
6660
25580
2250
3811
26926
29815
9293
32552
20784
3644
27874
16897
6172
23377
12115
20449
30761
615
14236
17567
24161
15021
9541
12921
409
22257
23022
9816
26022
3080
13868
16726
7886
30321
6291
2941
27005
9013
21268
25553
27193
8209
2698
12689
10712
22231
13455
15035
8689
14354
10132
17358
28048
30953
28977
23763
29230
26694
26297
32670
5344
7991
9234
25426
20430
4244
27843
10531
15335
15330
9039
18016
25299
1911
19138
20400
27945
1503
18057
2460
227
10879
19590
25165
25615
12664
15716
14487
14279
16078
22312
5175
24418
30922
30217
13145
26604
8604
22402
4446
980
29765
5029
19163
28389
18612
16562
741
20087
17199
29928
11660
25063
4853
6811
25509
5956
1058
19079
9165
22603
26834
8292
9386
9110
7561
15803
7284
17936
11475
28407
8628
18604
22055
9919
2380
26199
31761
17283
26040
7723
15761
21333
2963
13797
16062
18939
16221
16537
25774
23874
28795
32164
2202
31637
9599
9187
26174
4301
32170
27938
18815
3403
27567
30167
16208
25412
3514
17681
19926
28253
18097
4267
30666
31096
31930
4549
3872
22221
8445
32116
6886
15932
25771
30137
21614
26081
16191
1712
32687
2282
10756
1034
8937
20645
13527
23229
24968
21469
22574
11002
32331
8295
10329
15968
18597
760
19976
11887
31076
314
26638
20287
17040
14878
14948
12914
5782
8307
20081
22119
27301
17336
26760
21936
30809
6958
30387
10951
17047
1842
23727
23548
25016
31946
16695
9138
23273
3966
16518
26827
1745
19817
10263
7009
19317
8591
8111
18871
11609
12401
25501
367
31720
25311
29760
20733
7446
4878
24267
32091
15428
4074
837
16382
24676
27309
31700
8458
11613
17073
2362
16834
21681
898
10400
11074
31069
18744
13971
30064
2817
24324
17228
23088
23616
3080
31796
2263
30826
8812
20135
19939
31832
1198
10232
25321
30360
5433
30390
31438
4811
17466
20782
24122
5194
12207
25905
11338
25616
2496
5400
4997
13780
14675
26116
5906
2165
26843
9067
13352
1435
30576
23504
31685
1180
37
6865
29859
13468
27542
1127
22888
12793
16320
13674
1820
2790
8726
3411
12257
30549
16337
17734
9694
18459
4231
30800
21117
20814
9983
237
11734
21490
1092
20429
19051
10965
8440
8151
18709
16056
8427
11119
18750
1455
25836
18164
10577
4555
28383
1165
11119
29429
19472
17702
21092
28701
31175
23221
2777
23445
30749
8130
29898
1719
32525
10278
24891
6350
2510
28435
22567
19764
11360
9812
15034
23735
26470
2774
21952
5697
28211
25192
30812
27321
4903
1727
25341
28708
20028
8637
8846
8208
4572
32499
11245
21810
25078
5732
19359
19534
24912
13451
15810
11351
18719
25504
578
23000
32469
31256
16720
6546
15418
29291
21520
18022
32190
28697
17810
7798
11021
5615
24580
27528
11749
4486
6694
2731
27428
14
30974
5916
21030
4169
14796
15466
30285
1498
22592
29657
26337
448
17643
12548
14619
13342
24564
16839
30844
23357
3084
25948
29027
13267
28067
24260
2527
16006
10844
1641
7362
32428
15551
7937
2807
5717
12335
29109
30485
25483
22811
30083
24371
728
23928
1505
2303
23305
8558
27811
29706
5682
27729
17182
18022
11250
22996
28302
26483
24824
27513
15285
15606
24518
20044
24005
15979
20149
10449
21632
21149
1850
1339
32158
11123
21095
11230
21871
5133
20149
487
10945
25871
25344
16459
18948
4925
25299
5885
25516
3145
18406
4196
12759
21992
9445
18700
8496
9003
13683
20380
275
21517
12143
16648
32498
4937
14710
29959
28919
1646
10921
20168
13290
17460
30640
1504
8278
1297
28927
31624
23271
16904
13911
28677
1047
13762
912
11367
2825
29663
14999
29814
10165
2702
20147
21738
16454
25179
29964
8666
15808
20553
15981
14711
5094
3617
32329
24314
91
3337
8956
16859
17671
22104
25428
1348
25020
28329
25936
23493
4378
28463
16935
2889
3248
18760
2956
27977
23651
26708
13873
16191
13588
9671
3466
22366
10877
17277
5331
4480
14428
24654
31060
2144
26324
6883
31204
28425
3600
22215
26540
7822
32041
22465
9261
11260
2122
10082
16517
6797
16914
30938
8685
32286
25657
32528
20359
8675
11127
26865
19799
1882
10913
30727
10382
20861
22806
25934
6415
28732
24665
2116
23596
8234
27903
29760
11440
4727
1740
4
31779
20766
13337
27541
20809
13151
27768
6219
28652
30320
7835
1828
11739
20080
19826
4445
6451
924
2196
3908
21469
28613
17376
24904
18520
28674
21092
3922
7097
7842
2174
29272
240
26980
18752
7215
20812
22507
793
29088
3650
5740
24498
10943
12394
6314
11031
11640
26570
26916
13847
30315
12631
30860
14317
1018
26041
380
29472
30623
9551
21605
8615
24963
17779
8136
27729
27213
8959
2216
29028
20280
32271
10047
7812
25705
17161
15344
25047
4479
25819
12413
30311
31851
11396
14714
20424
22146
8662
11265
26874
32720
29050
23464
31376
29872
29748
5296
23570
14746
15208
1663
5281
14651
18142
12880
24281
18635
18370
12842
9212
18075
5359
27662
12876
1773
13421
1397
12984
777
7735
11002
8635
32397
7234
83
20354
5893
27580
19589
11085
29115
913
13912
24087
31697
9268
9481
30841
28812
5276
6464
14284
6643
12429
4673
9870
32665
11288
21350
7174
30647
12389
7629
24363
20093
13744
12878
28867
30634
16018
12208
16584
32347
22658
8476
21263
10016
1435
20689
5932
30805
29600
13082
30608
7344
9277
32125
25588
21526
27279
15926
23291
26291
25063
2020
14098
20041
16843
1409
17051
2504
13118
2711
22348
20256
2882
29617
3281
3923
3738
27408
15033
206
8916
26016
20879
9209
4231
27691
20295
30221
15066
1227
21213
17958
28741
20645
4920
24729
14492
12756
15700
1159
17481
3492
32160
22450
24792
32513
14501
19600
5818
3375
14057
11934
21570
15035
18451
18679
18932
177
8527
23333
23551
2575
31476
20535
19720
17274
12645
27667
1577
4912
27957
25358
8250
19774
5774
4026
4687
14323
6099
15103
10625
13460
13188
10862
11762
24657
29026
26833
22795
16760
26324
32007
264
21737
24202
783
7607
4042
9056
23394
2684
10619
29317
25734
10649
16844
22748
29408
19628
14190
32674
31434
1657
17064
11346
8421
18922
10315
30661
9392
31316
6376
158
22874
20732
4160
7397
8405
15322
18684
20210
7468
6557
6303
397
3094
30447
18360
20307
203
12537
14940
22876
28694
8490
31955
28954
17068
13876
2194
6532
25020
7768
21865
9076
29127
26340
2814
26958
12210
13562
26234
28131
9242
31634
10370
25237
8423
21186
8041
22715
15652
21566
8612
8775
17166
8475
3198
9638
17514
29912
6925
10471
18716
27038
10596
22560
19446
20935
14346
2829
31182
19102
17323
3579
26323
27749
17678
29156
11809
15261
27975
10204
12178
16257
29230
27563
24535
25044
32527
16828
24264
31708
7587
3126
18425
13487
11071
31592
29070
5293
11852
23914
3408
29262
8183
4353
24576
7198
32297
8132
747
25605
14778
17277
25534
28620
21730
23250
30364
29405
17904
4389
20078
13642
29246
15800
3962
3089
21860
15893
28728
9887
10412
20397
15456
21906
7878
11455
3656
11971
1981
28795
12909
12932
28970
1640
26959
22054
5800
10499
31619
6079
13959
13225
21507
32553
7877
19382
5320
12366
1593
9455
22939
29347
1554
25885
7464
20979
18304
27387
29780
15454
14769
31826
5072
16801
25599
8035
21486
22424
10344
9093
9908
18433
2622
7439
13360
11138
19743
22648
4362
5614
40
2237
17248
22468
18790
13571
2509
30968
1421
10622
6347
20726
4077
28561
16956
24549
18081
4407
15171
19752
7946
11169
29784
12075
24188
5409
14236
92
19254
6726
361
25975
27032
5705
18222
10503
6544
27303
8314
4138
10326
6672
1622
27796
10841
2688
7384
4054
12665
12972
15093
992
13174
13983
9367
11461
13480
14245
10991
14271
2801
23400
9997
31603
19697
20057
686
11638
16760
17745
17237
4367
25409
17016
19357
831
19677
8551
18125
2046
8429
11913
29357
15560
17044
19911
15256
21592
29228
29796
24275
32692
8760
31269
1821
26729
6298
1462
6023
8216
12295
6217
6278
10545
19895
31872
31559
31999
24417
7309
10050
13029
30054
920
1554
11495
19789
3680
388
28011
24687
3878
10222
31297
19187
26823
27330
28898
7933
25896
11106
12277
30755
19158
2614
14872
25377
30190
11261
13788
28109
30779
26976
12049
29517
1183
7373
32069
30855
10676
642
29575
11481
8114
24296
15729
25354
11668
24355
3429
5761
26998
26599
22
20661
22594
18061
22858
741
12427
30822
32223
10249
17593
31823
20236
17160
22631
25221
19178
3371
25865
3771
5683
26834
4562
24682
21321
27750
25301
13673
27258
6542
25450
31421
10114
5286
20435
16306
20561
28781
543
32555
6415
25085
9807
4918
6494
28929
31160
1763
9951
30754
6568
14935
14583
2498
9548
3356
14803
3309
14033
699
26793
9868
30666
5517
12609
17116
21714
11214
7349
21279
5234
25331
16245
5010
21829
9533
18573
28062
14169
15759
5675
19026
13529
23933
29531
26897
28137
18853
25366
3720
27602
8258
7291
8163
8031
28158
7260
32321
7815
1288
28668
13925
25931
19047
7447
22702
7650
28046
19235
3401
13332
15920
4566
14501
14308
5205
4328
17447
21361
32430
13594
24352
22558
11045
20087
19452
9969
15801
23514
3516
30777
2441
12208
2470
18036
24622
20991
28986
24687
27470
17320
2153
26287
17518
1769
7170
14352
16136
4389
15469
4524
6366
2536
4251
26110
1165
31526
21821
12104
16997
22211
23604
16689
15224
30040
8265
23987
21233
29237
16671
4404
25000
2210
31589
6643
4083
22123
29008
24230
446
10139
22345
14434
2270
12167
22755
5050
20898
21262
18959
11563
15787
26656
30867
27832
24830
3709
12728
9425
21848
1471
20547
14457
22466
9371
26279
27816
25700
21860
22905
26862
17566
15312
32292
11098
17237
26623
4574
29594
31627
15033
7387
26979
30003
24312
5568
532
1091
31910
22874
27030
7690
2215
19088
29318
6340
22042
11926
20886
2412
19676
6500
10288
13265
26958
32359
8797
16620
26969
14710
11238
12145
19119
9223
185
12964
32339
2723
7309
29550
30043
5783
19913
26544
27381
32749
28578
13271
4008
7066
3972
19121
31196
6649
436
16255
32669
2424
10547
32331
23964
29074
30437
24187
20342
6653
25586
17319
32057
21028
27501
16552
25125
19671
18228
28913
4271
25665
29719
31779
30668
23067
16700
30683
3435
26656
28353
7118
579
13505
8100
31769
25296
25
8928
15826
18840
7459
22489
31203
1715
2859
12794
16920
24714
17282
8093
31862
20959
3958
22571
2255
26894
31361
21892
25747
11410
13505
31905
16617
10442
31144
14712
16126
2813
20213
4639
18077
28061
12259
30005
11009
14792
30880
18302
4583
16916
9728
29901
20711
31372
15731
2087
13571
29174
28981
3877
26753
28760
21700
19610
27382
24250
13719
32374
20388
23596
27661
15082
13829
9227
14500
10445
12456
10625
363
5951
3644
3147
954
14476
14571
19135
20000
1107
8169
21773
5789
1255
24396
26053
16657
5109
6686
17305
10741
19047
15024
20581
2377
10121
3378
2412
461
13162
26753
23780
12404
8326
22848
30902
20502
12449
810
30335
17765
24822
11430
2266
10018
8593
10396
3553
5777
7162
4744
10993
31786
19731
4301
21934
31889
30275
4427
28231
14792
10708
13363
20220
13476
30362
22810
29917
25213
30422
589
9684
19242
18009
613
14309
17196
9197
10267
23989
5674
16880
23645
7241
13726
2626
26273
19985
16333
22882
19321
22309
29436
29907
31079
28366
24801
16581
14323
8776
30296
30961
3324
29894
11095
28869
3148
16567
28452
7873
17775
15944
9413
30497
17348
21290
17337
22972
21716
3989
28901
5932
2275
31885
9169
20783
8645
8036
11284
14925
25587
22144
11021
30907
32222
29534
21972
12416
31107
13783
4976
30934
27712
3234
19275
16595
22758
16155
30691
26440
30735
25666
20929
2538
23218
19207
9903
20399
6900
14277
12582
12923
3905
6924
1030
3068
13212
9635
24201
27090
15667
24013
31866
27892
3127
6604
13986
14415
28650
932
1924
12976
28922
2593
18506
8163
5645
25371
14846
21789
22173
761
12029
3223
12294
11636
26793
7292
4317
926
32095
5381
3716
13090
23209
2530
6395
10957
14260
2781
8441
30797
3076
4026
25660
13113
24166
23393
21533
6482
38
6719
19047
16393
2179
16361
105
32577
9312
26626
31818
31061
3644
15968
26781
25693
16996
12906
2613
30893
17255
31172
18491
10399
715
9775
31357
1427
16894
21162
29193
30259
32655
11229
28667
8700
17566
22456
32403
13818
26258
88
24715
26322
4362
1578
2727
21510
11285
7506
23437
12405
29349
23118
1495
21537
19777
29142
24679
6965
17659
12295
4346
13895
8866
27329
17664
20442
3640
29518
27820
11047
17062
19268
11335
8221
10671
8364
30665
6310
29731
21859
3242
29484
597
5569
15862
28252
12494
17017
18080
553
23875
12736
5656
18964
14277
2994
19231
25771
13368
17905
20699
27728
12294
655
21030
27964
8213
22062
30508
31940
23286
14693
8501
21978
21343
10598
6335
7894
22235
15326
25040
15479
9408
10781
10890
22052
29025
6007
2048
28536
10630
5866
30024
15102
2585
13313
18642
2617
24610
759
5111
32488
1270
31776
8405
24967
27306
9861
603
16665
19662
21966
27296
16421
22872
32614
15225
13055
26079
27353
1354
29512
1290
16769
26652
3256
4167
16737
2800
10011
31168
5969
7507
20890
31371
9308
5939
4924
28960
12902
10993
25773
1041
23569
7607
30525
23797
11234
31244
27947
4005
13984
20646
26404
428
13565
31615
2823
26104
24697
5931
26603
8406
6018
9832
23395
10269
3296
5111
23553
13224
1616
1706
19736
21002
28271
15295
16326
13694
15834
23404
17714
19741
32660
31675
13843
32340
29864
17816
4978
4756
6927
28712
25776
11595
7123
1629
14026
24084
25717
10952
8412
9002
28557
19886
29156
28707
176
2397
27593
3291
22422
6336
12188
24750
7804
7218
16157
32234
6088
8336
14209
387
20204
7314
10610
6921
20620
22619
12888
20696
11747
29518
15063
21647
20323
31780
32408
31683
23195
20283
16717
12532
12126
12081
21743
28863
16418
19378
21834
10070
18854
10894
15548
558
11736
9999
13882
2551
30197
31625
20627
6353
16370
2354
30457
189
6939
21044
21181
30289
6138
23041
31322
5041
3962
24551
4533
1978
25932
10212
16291
17792
18826
17851
7340
18427
15770
7751
32527
15869
24662
4880
18437
12903
17769
3100
5706
1181
23548
21512
474
17719
10387
31319
17656
19194
22065
12297
30325
5126
25283
21103
14639
18256
27323
6207
1240
27219
22524
5348
27641
7939
30710
1559
822
32259
15634
8115
19923
24855
12112
18885
21367
12764
20526
1251
17200
4279
30157
26816
18360
26635
24911
28925
28919
16303
5251
3137
22216
25759
10948
8587
22784
14577
14622
32711
8365
16395
31155
27552
18075
15124
18013
16278
17181
27048
9877
21072
2825
17104
29844
5939
32261
14897
23991
11571
2561
25987
16936
20457
10245
5701
14267
24294
5677
15279
13334
28488
29426
8425
8725
7051
7594
23418
26221
1441
82
32259
6031
16196
9868
25389
27855
3211
17892
9440
10437
13499
6999
5046
755
21856
16918
17071
21673
27549
26503
31526
3366
1985
141
11523
12544
24346
25609
12083
26822
12302
28321
25685
25315
11367
5056
6070
3269
24047
32733
9856
26431
14653
12289
18734
31276
21198
8835
4419
11094
27224
1302
28476
31894
16474
1031
21699
30012
27128
7871
18213
15024
5894
9615
30214
7258
32355
17581
10836
5824
25736
16505
8569
4590
28768
18181
10453
24347
16987
31445
3435
14729
446
6883
13274
20141
21565
27622
27792
4496
29643
18132
22586
23925
22193
28838
28798
11196
7645
8027
2285
24838
15741
20543
23603
30106
5069
21357
31121
32008
25133
12435
9870
20748
23671
18677
2281
25524
17039
23221
11473
31941
14396
18769
15192
26204
20278
20333
29990
19665
30592
32211
17770
21984
18935
11192
279
13067
24876
15425
9804
13114
13423
23877
12307
6053
10540
9045
21071
12275
20091
9977
12784
419
30450
1853
28009
32428
9405
30060
2404
3936
31729
11804
5556
29590
12062
874
7819
16136
6692
23687
15853
29946
32583
20084
24932
1821
6789
12809
6134
15282
32550
23356
31828
16114
29590
21920
3924
25518
16240
18988
5793
22323
8155
29246
21425
19568
22041
15327
9976
25179
1117
841
29532
18832
19677
1447
21992
27963
26409
28955
1476
9017
8123
13829
28773
10106
30159
32131
26113
26282
19317
26932
27206
23568
23524
66
32075
1718
27665
28063
28871
14794
27008
29582
7553
19524
27482
14438
3335
27593
18881
20626
27555
5839
16224
10717
22155
515
18758
15341
23128
27879
14580
8716
13753
10688
11444
559
13417
23727
25133
25904
13918
13854
5941
25695
14148
11357
27878
20537
27177
30861
244
13431
15738
23230
12605
23883
23342
26964
15778
16870
31041
28591
15382
30781
3684
8203
4852
5645
16115
7332
28054
8988
5671
7198
24355
195
24461
11557
10152
27305
13494
23889
20331
29905
4912
18252
3196
10967
3766
19510
9868
13430
29604
31816
19714
9038
28078
29368
4940
19940
1744
10461
1907
23531
4744
1172
5875
26562
22852
9698
13769
22845
6166
14299
31693
23976
10415
18626
11330
8457
25995
28017
23468
11430
7785
13307
10209
3783
12542
10641
13923
12221
6634
30626
27885
30755
4587
23622
6220
11364
2897
477
30064
8574
9138
31219
20675
12037
24030
24424
12218
618
14357
25549
14505
14205
29304
19472
19675
23089
6590
8284
2274
13727
10792
4923
7980
5198
24247
25598
16599
21938
156
16478
2246
31986
19184
26979
7413
7407
13989
8069
31241
17793
17085
6674
7468
22019
3257
3535
23
22803
19797
1762
7024
19859
3442
6639
25431
243
10068
12418
29244
24243
26637
29869
22003
22819
25913
8178
13066
20334
23276
12642
12890
5334
9705
20231
27868
32065
11797
22144
18878
4853
21803
24811
694
22944
15792
15880
17047
17051
32298
10906
4642
13935
5261
17937
1822
22425
11766
2919
27051
25226
5787
20808
17363
20210
26114
5493
3938
5694
15218
5994
30199
17247
7848
1599
22364
12238
22730
17868
2579
4557
22945
3856
2609
16367
32002
28628
2672
19930
17549
28043
7039
26188
22939
20349
23964
1628
27505
21540
28773
32259
15802
21974
5355
23002
31540
8869
13833
6693
8361
2948
19188
23313
5153
28331
18450
21050
15446
16700
4624
17776
11368
23590
10031
24251
14290
4169
29406
412
669
17884
32654
1430
25043
11020
31426
31213
8247
13798
16229
22190
31539
32119
23137
16111
27666
11826
15725
14424
4463
7570
5158
31715
19693
16640
28514
17375
26921
3062
15041
15163
23533
31077
12421
29185
30887
17492
16291
31521
10009
5066
6169
6000
29265
7663
20867
4592
988
1646
24553
12626
24375
31773
19164
25273
29062
23008
23233
449
18824
20171
12396
25024
3019
20870
31473
31820
30492
25334
16310
26877
3394
25625
26829
627
13292
818
3457
23707
25063
1063
10543
28719
11412
26663
13400
8060
18842
14479
21491
30824
22744
30991
4872
22451
2718
1289
23162
20861
30236
23609
6949
777
13338
8859
24104
12736
4586
22409
12164
23417
28827
2084
5863
7159
9328
246
4802
2995
26768
17110
18849
31708
15103
16139
26044
13213
13517
7860
20169
4766
12942
6503
13845
15565
24842
7960
10451
13150
565
22844
7348
32528
32353
18223
10936
20403
5554
31187
27715
13543
17874
12923
11891
21542
14311
26887
28593
16389
19138
32080
23430
21686
3417
6086
14512
15826
15736
32087
32118
2389
7859
23187
32312
27627
15775
18958
27210
6762
29506
6662
2819
23711
15559
5446
30992
15693
15222
21322
15374
31603
28900
21412
2137
8398
2919
26783
3870
24991
22221
13601
5304
10670
9550
16854
16697
31375
17598
28042
24390
32548
21512
15575
32041
30819
3287
19713
9249
26457
21910
28190
6652
6255
12187
10362
24808
29677
21919
12601
27015
14268
7794
4670
11073
32368
30700
2380
5854
14214
3623
25195
5972
29929
29419
20878
5341
12731
22890
3954
11853
30291
14894
15817
7331
32130
29519
22168
29918
16155
14569
10974
15378
946
27085
13430
442
26019
7287
16190
29776
25431
30785
11641
9243
26306
11990
23410
26697
26160
10728
26211
6717
578
16678
23188
6954
17715
3176
3271
22497
26464
9773
8916
16103
15624
29256
3985
23755
12624
15574
1524
4790
29322
17779
10108
6980
13238
2734
29132
20882
10057
27066
12186
28313
5934
26214
28871
12474
15883
12110
19919
8601
17861
12883
31332
28207
3910
21834
27478
1307
10110
9969
5046
28473
3495
7207
32059
5750
11982
11612
16356
28387
14991
26694
7391
13832
13600
18901
16554
15482
27281
29802
28792
28080
10065
5700
9942
2578
23029
5178
25486
18259
565
19632
13004
19201
4407
1732
12159
13146
7953
25032
1282
8802
6537
22773
13308
32562
20510
12125
7813
24979
333
22562
8074
23499
19725
12006
12658
5815
12444
5250
26625
29722
28541
17403
16765
11061
3522
29618
4880
5016
16263
5850
5230
4663
29119
21295
20151
23744
20531
32485
29343
1836
27847
15071
22988
3989
27647
32034
14208
23623
23235
8073
15479
24601
4447
18106
12819
22782
18382
13656
20662
23767
16184
24443
21871
10379
9401
21085
6874
25946
4452
17494
14657
22638
19336
24842
29191
12467
11569
9697
27207
26345
21490
25271
30904
25592
32226
13013
2772
24963
14309
544
25913
14527
16685
29329
17231
4998
18432
13797
6699
13223
25531
12182
691
17537
28695
29449
3843
27344
11691
29193
3856
1734
19378
28532
2187
23646
16143
2612
26121
5613
2702
29809
8544
21753
23661
11013
27988
17743
9499
16689
8819
26192
2879
5262
29501
32396
24828
32070
11144
28050
32371
20099
32547
20485
9610
15144
11194
10739
21228
29376
29177
2915
8274
2739
10740
25389
7168
1984
30407
29711
14738
7079
23929
8188
16376
27430
17191
32183
22720
28711
5726
27809
9363
19512
10184
6864
30979
7995
30219
12640
11140
13919
28910
6926
3511
10063
30654
6402
32495
11177
5872
6637
14062
20657
18695
1876
11759
20295
16056
32044
17898
8214
29260
8102
6419
8207
2631
844
4515
22806
20295
23373
11996
17146
14638
25109
6983
4267
22403
12321
30785
23975
6422
29970
693
20406
14051
18176
29995
215
17977
31760
19202
17786
13852
16969
18681
8943
15335
27043
28405
2591
29494
5217
14078
10874
13570
16801
17802
28976
27150
26162
28414
2212
23682
1957
13938
27678
19670
3495
10676
25535
19954
15758
16016
31931
11412
5169
5455
20930
26097
29181
17534
14271
29087
19781
4593
8901
25266
24282
15623
22342
9254
31964
15918
15239
21629
6095
8106
23888
1192
3569
21395
32744
24107
18635
11037
17985
29821
22791
21277
19823
17837
1153
31176
19294
11851
31393
445
1477
21638
8935
26182
13654
20114
14791
13530
10552
2125
12216
16359
16054
11297
32392
28367
313
4908
26866
20272
1651
158
22642
19305
23262
11363
19800
10842
4709
24835
5404
15467
20832
12486
15089
22991
25030
1563
26268
5642
10398
4922
7559
19632
4023
25865
6673
27504
14233
7484
11561
7506
1467
6081
24091
15165
25335
32603
15529
9660
15930
5517
6494
27649
10112
12729
6175
25643
5888
15241
20739
6340
13475
9358
29541
12174
13243
9511
7991
11647
5874
16549
26776
15370
28800
21676
14761
21408
29346
14300
1693
28535
25671
11185
2064
11914
19980
9640
28570
1505
29546
13220
19107
26642
27694
32655
1913
1544
29226
13892
20639
3331
14123
21933
12905
1504
22315
9768
16069
14747
15047
25392
9052
16146
32243
22329
26074
5643
12012
28379
14985
29561
31086
1843
10533
8955
4648
31623
29676
8614
30317
13864
29940
22020
21548
18589
26049
2396
11810
20221
17687
1588
4174
8861
20237
21
26789
8171
15203
10382
22536
922
13845
5499
3955
8960
17968
23688
3447
956
5861
2032
20458
5787
22236
18571
19933
6589
8651
2311
19918
26099
10310
18037
27679
11116
2521
21000
26055
24977
5460
24602
31560
28205
25446
2160
32737
18385
32621
7103
26884
6007
4749
29295
29194
7525
17663
6302
10278
23892
18860
31592
29335
21970
18427
31590
27426
18149
6119
2164
6848
19441
1108
10936
28308
19675
1955
7392
31007
2671
13956
23466
21431
18943
19723
20138
13365
25677
4615
28232
2799
15276
1167
2824
15590
23905
2013
6670
20032
21071
352
10977
4344
25300
7436
27247
11220
20974
11253
22353
3479
21410
20764
2897
8312
17054
28808
15913
20948
22813
5273
25998
16928
28939
15770
5741
12577
3945
20373
2933
31327
16116
4715
29909
13783
32257
30755
30023
20720
17324
7555
28749
13232
24625
14557
3514
17968
15514
27436
5749
27213
15771
10080
3706
15777
19898
9205
12321
14258
21170
2762
11427
30824
4634
23345
21978
23237
18754
12866
5448
8144
31838
28022
21595
17874
16614
23409
14831
24517
1852
28446
24853
266
10128
10497
27923
4442
13825
10953
7852
7423
25092
10533
20129
30020
25866
12249
29047
13610
17501
27665
2171
32348
27211
28917
9220
613
23175
10877
23288
11297
1484
29319
23441
32113
195
31783
31073
30003
8743
2366
23700
4466
19495
7758
13942
16857
25868
10380
7989
24174
17179
18999
231
30333
4029
16681
13262
3025
26077
7084
12251
3626
12178
12174
30578
10988
1790
1912
8045
17685
7798
14971
6243
10609
29666
25068
7466
21265
21351
8562
27290
21497
27972
30045
9364
13849
762
15161
3139
26751
28592
10403
27554
3274
4053
9308
23103
14562
19463
13724
16190
230
19252
32169
13472
23910
4095
28583
12230
16851
1381
15026
4912
30515
16032
6698
3467
3865
28235
78
27115
725
22728
20237
13653
21224
17887
4888
23936
15035
13735
30012
11484
19600
23722
21999
18388
2488
11076
18217
3920
19206
25676
22645
3199
3461
1782
26951
18899
30566
4088
30096
15693
10556
21996
4240
10234
12140
1270
491
3774
10206
32166
14592
12368
28665
6944
2678
7302
28367
9338
27671
20691
20372
28005
8930
32270
16469
27152
5979
23412
2278
14921
17446
10993
3613
28646
29396
21147
5437
5219
15101
12159
23477
12748
30607
1441
22283
25309
9829
12606
12563
11881
26140
32084
21604
12792
1570
17253
7436
24500
23823
14455
387
21382
22841
2911
18398
892
32642
14399
6981
20334
19573
13646
5543
13281
11154
23767
4524
9259
30949
14469
22764
20440
16606
4573
606
22349
12892
27660
5395
13227
30475
19171
17188
22006
26096
27424
20713
16759
17474
20463
31851
9566
2172
18864
31004
14764
21424
23035
21446
25424
5406
6369
21186
25488
3077
32629
9834
5803
7097
15244
32208
1469
9718
28864
21425
20450
24436
2747
1956
11934
21179
1202
6039
6525
1337
18991
3452
19702
29330
5396
30016
14485
21047
27869
28413
6234
23354
11045
12656
15708
31329
10603
4269
18865
11897
31767
23825
25490
32492
24248
11897
9147
16534
13712
28593
17169
7381
18514
15920
19335
3807
6698
29186
20546
19289
766
25093
28924
17957
28148
14424
11430
19067
24884
27409
18257
22843
13039
11566
18254
16769
4000
27599
19860
10106
13713
11170
19811
28023
2465
23198
26407
13120
26950
27124
27295
24491
24014
17474
17470
26733
5354
29706
22994
19503
17004
3684
6755
29413
20304
13807
17758
26715
31225
18957
11507
9488
19390
5712
30651
22856
1957
5679
9630
28253
30318
8446
23540
12886
13268
4637
15594
25018
24847
16751
20007
935
24733
24589
12976
19486
32578
3388
15369
30881
11854
14237
5790
23296
13086
7844
5473
1648
28645
2123
24755
21213
10669
32520
3208
10881
28568
11260
22982
21942
1900
8557
9967
14600
846
10614
21504
14735
25806
27901
7577
15228
28964
1766
13149
28401
6841
22406
3484
24342
9194
11355
17968
30569
24328
4090
30884
29525
12195
22088
28060
27655
12552
14573
5488
30845
9736
6150
5659
5087
5627
13082
28756
15891
15109
28240
32762
2700
9624
30687
23477
4450
14650
25029
22491
30376
26249
956
12432
31738
18044
14698
7986
20565
31467
20696
24308
4651
30802
15653
25800
14263
7378
24956
20099
20879
14456
2115
19771
23416
27330
23189
3828
3965
31071
27635
27516
28483
1079
11830
22676
30615
15019
25032
26960
12873
30238
22036
23745
6717
23988
3643
32721
1471
30553
7689
26221
2839
18950
21287
16362
4957
30015
32402
19105
3983
25057
29259
10973
993
28698
1873
10488
23892
18105
16332
6848
17802
10152
22923
31775
26841
28086
25776
31484
25246
6042
12970
31324
17364
1077
12644
20685
26597
17432
1724
17924
3007
9286
55
5061
23339
22075
10995
28163
26714
22829
10205
22089
16833
2193
4131
15960
6696
29665
32237
15890
14077
25501
3400
24726
6381
12176
26978
19629
4790
19028
14845
19557
16950
9752
1310
30715
8136
22177
22789
2046
6097
5263
21090
4786
25238
1506
21190
14515
3665
28604
31576
1242
28547
13672
16329
868
27531
18588
9610
21585
20856
28411
828
15627
13596
222
21608
32072
97
1364
30064
27441
12001
20328
23493
6852
26544
162
7771
5239
27004
5328
25178
24350
31961
23301
23
24846
24790
32739
29762
23683
26068
3350
29025
2879
10904
545
9596
7540
12190
27229
2074
8164
13488
5182
17517
3399
5304
19929
5066
3821
5075
19107
7260
12452
21414
5756
10264
3036
25077
14828
18419
11785
5489
29612
14163
15945
11474
11112
5060
9799
25638
451
15597
16991
29801
8604
28866
23811
12629
13967
30715
31069
14715
11455
30404
12597
27795
7635
13750
10774
7185
3903
30470
26028
10745
26053
11260
29041
2547
12859
7847
14729
22690
15246
25552
745
32050
27143
10540
20671
2352
30669
13269
14606
19103
2732
8955
27801
17480
6932
19159
30211
81
19557
15329
29748
28945
6761
19011
21503
21539
34
10637
19713
19385
31687
28842
9676
8755
5129
6675
837
27633
17050
21570
18250
31589
26608
13930
17048
23404
11335
11621
15852
17374
29157
13550
7785
15459
15521
12560
10554
24969
12966
31710
10872
20
6773
31589
846
31382
31273
21471
25435
11583
15359
2602
12631
17397
31765
10872
26362
13991
25458
18247
25625
24543
13383
25748
32019
24983
27508
9035
18539
19534
6990
16643
28598
15451
25504
16360
1976
24960
10992
19192
13258
9410
32003
10867
6270
24696
12963
23692
24966
24227
18079
9829
24274
4477
31764
12602
31993
14933
14827
2013
7386
